1,,0.0
2,,0.0
3,,0.0
4,0,4.2
5,1,9.1
6,2,14.9
7,3,21.2
8,4,28.8
9,5,34.0
10,6,39.2
11,7,39.2
12,8,39.2
13,9,39.2
14,10,39.2
15,11,39.1
16,12,39.1
17,13,39.1
18,14,39.1
19,16,39.1
20,17,39.1
21,18,39.1
22,19,39.1
23,20,39.1
24,21,39.1
25,22,39.1
26,23,39.1
27,24,39.1
28,25,39.1
29,26,39.1
30,27,39.1
31,28,39.1
32,29,39.1
33,30,39.1
34,31,39.1
35,32,39.1
36,33,39.1
37,34,39.1
38,35,39.0
39,36,39.0
40,37,40.9
41,38,49.0
42,39,55.8
43,40,62.7
44,41,69.1
45,42,77.3
46,43,86.8
47,44,91.7
48,45,91.6
49,46,91.6
50,47,91.6
51,48,91.6
52,49,91.6
53,50,91.6
54,51,91.6
55,52,91.6
56,53,91.6
57,54,91.6
58,55,91.6
59,56,91.5
60,57,91.5
61,58,93.9
62,59,101.9
63,60,109.7
64,61,116.2
65,62,125.4
66,63,134.5
67,64,142.8
68,65,145.6
69,66,145.6
70,67,145.5
71,68,145.5
72,,145.5,unreadable:timer caught mid-transition (shows 1:08 with fading tens; true 1:09->1:10)
73,71,145.5
74,72,145.5
75,73,145.5
76,74,145.5
77,75,145.5
78,76,145.5
79,77,147.3
80,78,154.7
81,79,163.9
82,80,174.1
83,81,181.5
84,82,190.4
85,83,190.6
86,84,190.6
87,85,190.6
88,86,190.6
89,87,190.5
90,88,190.5
91,89,190.5
92,90,190.5
93,91,190.5
94,92,190.5
95,93,190.5
96,94,190.5
97,95,190.5
98,96,194.6
99,97,204.6
100,98,216.4
101,99,228.2
102,100,238.4
103,101,247.4
104,102,249.6
105,103,249.5
106,104,249.5
107,105,249.5
108,106,249.5
109,107,249.5
110,108,249.5
111,109,249.5
112,110,249.4
113,111,249.4
114,112,249.4
115,113,249.4
116,114,249.4
117,115,249.4
118,116,249.4
119,117,252.3
120,118,263.1
121,119,275.0
122,120,288.7
123,121,299.2
124,122,308.6,uncertain:timer glyph mid-transition (2:02->2:03)
125,124,317.1,uncertain:timer glyph mid-transition (2:03->2:04)
126,125,320.2
127,126,320.1
128,127,320.1
129,128,320.0
130,129,320.0
131,130,320.0
132,131,320.0
133,132,320.0
134,133,320.0
135,134,319.9
136,135,319.9
137,136,319.9
138,137,319.9
139,138,319.9
140,139,319.9
141,140,319.9
142,141,319.9
143,142,319.9
144,143,,unreadable:weight transient 291.7 (hand/stop-button interaction)
145,143,319.9,timer stopped
146,,,unreadable:display blank (blinking after timer stop)
147,143,319.9,timer stopped
148,,,unreadable:display blank (blinking after timer stop)
149,143,319.9,timer stopped
150,,,unreadable:display blank (blinking after timer stop)
151,143,319.9,timer stopped
