1,,0.0
2,,0.0
3,,0.0
4,,0.0
5,,0.0
6,,0.0
7,,0.0
8,0,9.6
9,1,13.3
10,2,21.2
11,3,28.8
12,4,35.1
13,6,41.0
14,7,43.8
15,8,43.8
16,9,43.8
17,10,43.8
18,11,43.8
19,12,43.8
20,13,43.8
21,14,43.8
22,15,43.8
23,16,43.8
24,17,43.8
25,18,43.8
26,19,43.8
27,20,43.8
28,21,43.8
29,22,43.7
30,23,43.7
31,24,43.7
32,25,43.8
33,26,43.7
34,27,43.7
35,28,43.7
36,29,43.7
37,30,43.7
38,31,43.7
39,32,43.7
40,33,43.7
41,34,43.7
42,35,43.7
43,36,43.7
44,37,43.7
45,38,43.7
46,39,43.7
47,40,43.7
48,41,50.9
49,42,58.6
50,43,65.1
51,44,72.3
52,45,78.5
53,46,85.8
54,47,93.5
55,48,99.2
56,49,99.5
57,50,99.5
58,51,99.5
59,52,99.5
60,53,99.4
61,54,99.4
62,55,99.4
63,56,99.4
64,57,99.4
65,58,99.4
66,,99.4,unreadable:timer caught mid-transition (shows 00:58-like union glyph; true 0:59->1:00)
67,61,103.4
68,62,112.0
69,63,120.6
70,64,128.4
71,65,137.0
72,66,143.7
73,67,150.4
74,68,157.4
75,69,160.6
76,70,160.6
77,71,160.6
78,72,160.6
79,73,160.6
80,74,160.6
81,75,160.6
82,76,160.6
83,77,160.6
84,78,160.6
85,79,160.5
86,80,160.5
87,81,165.9
88,82,175.6
89,83,189.4
90,84,192.2
91,85,199.4
92,86,206.1
93,87,211.9
94,88,217.1
95,89,220.4
96,90,220.4
97,91,220.4
98,92,220.4
99,93,220.4
100,94,220.4
101,95,220.4
102,96,220.4
103,97,220.4
104,98,220.3
105,99,220.3
106,100,224.4
107,101,239.1
108,102,252.1,uncertain:ones digit caught mid-update (2|3)
109,103,260.9
110,104,269.2
111,105,278.6
112,106,286.5
113,107,293.2
114,108,297.7
115,109,301.1
116,110,301.4
117,111,301.4
118,112,301.4
119,,301.4,unreadable:timer caught mid-transition (1:53->1:54 union glyph)
120,115,301.4
121,116,301.4
122,117,301.3
123,118,301.3
124,119,301.3
125,120,301.3
126,121,301.3
127,122,301.3
128,123,301.2
129,124,,unreadable:weight transient 287.2 (hand/stop-button interaction)
130,,,unreadable:display blank (blinking after timer stop)
131,124,301.2,timer stopped
132,,,unreadable:display blank (blinking after timer stop)
133,124,301.2,timer stopped
