1,23.4,25.1,L partly occluded by wire
2,23.4,25.1,
3,23.4,25.1,
4,23.4,25.1,
5,23.4,25.1,
6,23.4,25.1,
7,23.3,25.1,
8,23.3,25.1,
9,23.3,25.8,L tenths ghost (8|0)
10,23.3,25.7,L ghost
11,23.3,27.8,L ghost (rising)
12,23.3,50.0,L ghost (first reading after jump; 50.0|58.8)
13,23.3,62.7,
14,23.3,61.7,
15,38.8,61.9,U tens ghost (3 over fading 2)
16,44.9,61.8,U tenths ghost (9|8)
17,44.9,61.9,
18,44.5,62.7,L ones ghost (2|3)
19,43.2,63.7,
20,42.9,63.6,
21,42.4,66.1,L ghost (66.1|66.4)
22,42.2,67.8,
23,42.0,68.3,L ghost (68.3|69.3)
24,41.8,68.6,
25,41.8,70.0,
26,41.9,71.2,
27,42.8,72.8,U tenths ghost (8|0); L tenths ghost (8|0)
28,42.5,72.4,
29,43.6,73.5,
30,43.9,73.7,
31,44.2,73.9,
32,44.5,74.2,
33,46.0,74.8,
34,47.2,75.1,L tenths ghost (1|7)
35,47.2,75.4,
36,47.4,75.5,
37,47.4,75.1,L tenths ghost (1|7)
38,47.4,75.8,
39,47.4,75.9,
40,47.3,75.9,
41,47.1,75.9,
42,47.0,75.8,
43,47.2,75.7,
44,47.5,75.5,
45,47.6,75.4,
46,47.7,75.1,
47,47.7,74.7,
48,47.7,74.3,
49,47.7,76.5,L ghost (76.5|78.5)
50,47.8,77.0,L tenths ghost (0|8)
51,47.8,77.4,
52,47.9,77.8,
53,48.1,77.7,
54,48.8,78.0,U tenths ghost (8|0); L tenths ghost (0|8)
55,48.7,76.3,U tenths ghost (7|1); L ghost (76.3|78.3)
56,52.6,76.8,U first reading after jump
57,56.4,77.9,
58,56.1,78.3,L ghost (78.3|76.3)
59,53.5,78.5,
60,53.8,80.9,U tenths ghost (8|0); L tens transition 7->8 ghost
61,53.4,80.7,L tenths ghost (7|1)
62,54.6,81.0,L tenths ghost (0|8)
63,54.8,81.4,
64,55.0,81.7,U tenths ghost (0|8)
65,55.4,82.1,
66,58.5,82.9,U tenths ghost (5|9)
67,58.3,82.6,
68,59.5,82.7,
69,59.7,82.8,
70,57.5,82.9,U ones ghost (7|1)
71,55.9,84.9,
72,58.7,84.5,
73,61.7,84.7,
74,62.9,84.9,
75,63.3,84.9,
76,65.5,84.7,
77,65.9,84.9,
78,65.7,86.0,L tenths ghost (0|8)
79,66.0,85.1,U tenths ghost (0|8); L ghost (85.1|86.1)
80,66.0,85.3,L tenths ghost (3|7)
81,66.1,85.2,L ones ghost (5|6)
82,66.3,85.3,
83,65.2,85.4,
84,65.2,85.6,
85,65.2,85.6,
86,65.2,85.6,
87,65.4,85.5,
88,65.8,85.4,U tenths ghost (8|0)
89,65.5,85.4,
90,64.0,85.5,U tenths ghost (0|8)
91,63.9,85.6,
92,65.3,86.1,
93,67.1,87.3,
94,69.6,87.1,U ones ghost (9|3)
95,67.6,87.1,U ones ghost (3|7) resolved by continuity (first read 63.6)
96,66.5,87.3,
97,67.6,88.8,U ones ghost (1|7) resolved by blind recheck+continuity (first read 61.6); L ones ghost (8|6)
98,69.4,88.9,U ones ghost (9|3); L ones ghost (8|6)
99,68.9,87.9,
100,68.9,87.1,
101,67.5,86.8,
102,67.6,87.0,
103,67.4,87.2,
104,67.7,87.4,
105,69.0,87.6,
106,70.1,88.1,L ghost (88.1|86.7)
107,70.0,88.6,
108,69.9,87.3,L tens ghost (9-shape read as 8)
109,69.5,86.0,L ghost
110,70.6,88.5,L tens ghost (9-shape read as 8)
111,73.0,87.9,U tenths ghost (0|8)
112,72.9,88.3,
113,73.0,88.4,
114,73.3,88.3,
115,73.6,87.3,L ghost
116,73.8,88.8,U tenths ghost (8|0); L ghost
117,73.7,88.3,
118,73.8,88.0,L tenths ghost (0|8)
119,73.9,88.0,L tenths ghost (0|8)
120,74.0,86.3,L ghost (86.3|85.3)
121,74.2,85.2,
122,74.8,85.2,U tenths ghost (8|6)
123,74.5,85.3,
124,74.6,85.3,
125,74.5,85.2,
126,74.5,85.3,
127,74.3,85.2,
128,74.8,85.1,U tenths ghost (8|0)
129,74.1,85.0,
130,74.1,76.9,L falling (flow ended / dripper lifted)
131,74.2,64.0,L falling fast
132,74.2,60.2,
133,74.8,53.0,U tenths ghost; L ghost
